	chr	pos	vaf	copy_number	purity	corrected_vaf	is_clonal	mut_density	CancerType
31916032	1	10570799	0.304913705798	2	0.79	0.6098274115969999	False	1.0	UCEC
31916033	1	10570922	0.09558732192260001	2	0.79	0.19117464384500002	False	1.0	UCEC
31916034	1	10572162	0.440441261474	2	0.79	0.880882522949	True	1.0	UCEC
31916035	1	10572607	0.247792889422	2	0.79	0.495585778844	False	1.0	UCEC
31916036	1	10579554	0.0869539762887	2	0.79	0.173907952577	False	1.0	UCEC
31916037	1	10591625	0.334132127387	2	0.79	0.668264254774	False	1.0	UCEC
31916038	1	10598220	0.40938777494999995	2	0.79	0.818775549901	True	1.0	UCEC
31916039	1	10599512	0.35457775335999997	2	0.79	0.7091555067199999	False	1.0	UCEC
31916040	1	10603476	0.08926583569	2	0.79	0.17853167138	False	1.0	UCEC


~40,624,665 unique positions
40 unique types 
